10013
10016
10020
10095
10100
10108
10131
10161
10169
10179
10235
10287
10293
10302
10307
10316
10319
10323
10325
10343
10349
10354
10365
10366
10376
10393
10396
10411
10449
10464
10468
10482
10497
10499
10501
10505
10507
10524
10525
10526
10529
10539
10552
10555
10570
10582
10592
10612
10621
10630
10635
10644
10649
10654
10672
10679
10689
10694
10699
10711
10738
10745
10762
10763
10770
10779
10784
10789
10796
10800
10814
10819
10830
10833
10845
10848
10854
10883
10884
10887
10893
10896
10907
10923
10934
10960
10962
10963
10969
10975
10986
10989
10990
10998
11013
11018
11052
11056
11064
11106
11110
11111
11113
11120
11126
11127
11132
11141
11142
11144
11149
11163
11168
11171
11193
11194
11197
11209
11210
11212
11222
11228
11233
11235
11241
11255
11258
11261
11263
11269
11274
11285
11290
11293
11296
11301
11302
11306
11308
11312
11313
11315
11317
11331
11348
11359
11367
11375
11383
11385
11389
11396
11399
11403
11426
11428
11433
11434
11436
11446
11450
11464
11465
11475
11483
11488
11512
11514
11518
11522
11538
11539
11554
11565
11570
11583
11584
11586
11595
11605
11606
11613
11617
11621
11622
11625
11628
11629
11637
11641
11646
11661
11666
11668
11674
11676
11678
11688
11694
11727
11729
11735
11741
11743
11745
11746
11755
11756
11763
11768
11773
11793
11795
11804
11805
11823
11826
11828
11833
11836
11837
11839
11843
11849
11850
11852
11860
11863
11875
11885
11886
11906
11913
11918
11938
11948
11949
11957
11970
11972
11975
11979
11982
11985
11988
11990
11993
12001
12015
12027
12032
12037
12044
12052
12068
12075
12083
12084
12087
12093
12102
12104
12109
12110
12111
12114
12127
12130
12136
12146
12147
12156
12158
12162
12166
12181
12190
12194
12209
12211
12219
12227
12235
12237
12243
12244
12247
12248
12252
12261
12263
12267
12269
12274
12277
12296
12302
12303
12306
12310
12323
12324
12328
12343
12344
12351
12365
12371
12373
12380
12381
12384
12386
12387
12396
12401
12414
12418
12419
12424
12430
12435
12437
12443
12445
12447
12451
12452
12457
12491
12497
12505
12508
12509
12511
12521
12530
12532
12537
12540
12549
12551
12554
12561
12581
12586
12594
12599
12601
12604
12605
12609
12610
12619
12627
12630
12638
12639
12640
12641
12647
12660
12667
12670
12671
12678
12692
12693
12696
12707
12710
12723
12724
12728
12735
12761
12762
12766
12771
12779
12782
12785
12796
12797
12801
12802
12806
12808
12810
12828
12833
12837
12845
12850
12851
12853
12860
12861
12862
12876
12877
12878
12885
12886
12888
12890
12893
12904
12909
12917
12919
12924
12936
12938
12940
12951
12957
12959
12961
12965
12967
12973
12976
12978
12981
12989
12990
12991
12995
12997
13010
13013
13020
13023
13025
13035
13036
13037
13039
13043
13049
13051
13060
13069
13070
13073
13078
13083
13086
13087
13092
13109
13111
13121
13124
13133
13137
13158
13165
13181
13188
13197
13205
13208
13211
13218
13219
13221
13223
13246
13256
13258
13263
13268
13271
13281
13287
13289
13296
13299
13306
13309
13311
13312
13313
13318
13328
13341
13342
13353
13380
13384
13387
13388
13390
13393
13408
13409
13422
13424
13426
13430
13435
13440
13455
13456
13475
13481
13482
13497
13498
13504
13505
13517
13525
13543
13550
13561
13566
13572
13573
13574
13575
13593
13596
13598
13602
13609
13617
13620
13627
13633
13637
13643
13645
13647
13651
13655
13671
13678
13690
13694
13701
13704
13711
13713
13714
13728
13737
13738
13742
13747
13764
13766
13777
13781
13783
13786
13787
13797
13805
13813
13814
13825
13828
13842
13845
13847
13848
13853
13856
13863
13868
13869
13876
13894
13896
13897
13905
13907
13908
13910
13946
13961
13963
13971
13976
13990
13995
13998
14000
14003
14018
14020
14035
14042
14050
14060
14064
14071
14072
14085
14087
14088
14091
14097
14105
14107
14134
14135
14145
14164
14178
14186
14201
14206
14216
14222
14225
14227
14232
14247
14250
14259
14269
14270
14274
14275
14283
14284
14286
14295
14296
14302
14314
14316
14317
14318
14321
14329
14334
14362
14384
14385
14388
14401
14407
14415
14432
14435
14436
14440
14447
14451
14454
14460
14479
14483
14493
14497
14504
14522
14529
14535
14537
14571
14579
14587
14596
14602
14604
14609
14610
14623
14626
14632
14635
14639
1464
14640
14643
14660
14663
14665
14699
14703
14707
14712
14717
14723
14728
14738
14741
14742
14745
14754
14756
14762
14764
14766
14778
14780
14785
14790
14791
14799
14800
14803
14812
14813
14815
14823
14840
14842
14854
14856
14860
14861
14863
14864
14871
14873
14874
14883
14884
14885
14904
14909
14912
14923
14925
14935
14940
14948
14952
14968
14973
14986
14988
14993
14996
15013
15016
15017
15018
15023
15027
15031
15033
15038
15039
15086
15087
15088
15093
15094
15097
15098
15103
15110
15114
15126
15130
15151
15153
15157
15158
15163
15173
15184
15193
15202
15207
15212
15216
15217
15221
15223
15226
15227
15230
15234
15236
15251
15265
15266
15278
15290
15293
15299
15302
15308
15309
15311
15318
15320
15321
15326
15337
15342
15344
15352
15363
15376
15382
15385
15393
15394
15401
15423
15449
15453
15457
15468
15470
15476
15479
15486
15494
15495
15506
15508
15509
15513
15526
15527
15541
15547
15548
15555
15572
15585
15594
15598
15617
15633
15636
15647
15651
15661
15671
15678
15679
15695
15700
15702
15713
15715
15740
15746
15752
15759
15766
15771
15772
15775
15777
15785
15786
15788
15791
15793
15796
15801
15803
15812
15821
15832
15836
15841
15851
15862
15864
15869
15870
15871
15874
15879
15882
15885
15890
15891
15904
15907
15923
15926
15929
15938
15942
15948
15950
15952
15958
15964
15977
15978
15989
15990
15991
15995
16005
16023
16033
16036
16047
16056
16061
16068
16071
16084
16087
16091
16096
16103
16107
16120
16126
16130
16149
16153
16156
16159
16173
16174
16187
16193
16203
16210
16215
16216
16225
16232
16235
16242
16251
16255
16256
16257
16258
16261
16265
16268
16273
16274
16285
16286
16288
16304
16308
16324
16325
16332
16333
16342
16363
16371
16382
16384
16385
16393
16395
16426
16431
16465
16466
16467
16478
16496
16499
16505
16520
16539
16540
16553
16556
16557
16559
16567
16571
16573
16574
16586
16612
16614
16617
16623
16625
16626
16627
16647
16655
16659
16660
16672
16674
16675
16677
16679
16682
16686
16731
16738
16741
16743
16747
16754
16767
16770
16777
16785
16787
16822
16827
16834
16837
16843
16851
16857
16863
16865
16876
16889
16893
16901
16905
16907
16926
16932
16933
16937
16944
16956
16972
16981
16986
16988
16989
16999
17000
17002
17008
17009
17015
17017
17035
17049
17065
17078
17095
17103
17104
17108
17111
17122
17123
17135
17157
17162
17167
17182
17186
17187
17217
17222
17227
17230
17231
17235
17238
17246
17249
17254
17264
17271
17273
17278
17285
17288
17293
17298
17307
17313
17321
17324
17328
17329
17330
17332
17341
17345
17350
17360
17363
17365
17378
17382
17383
17385
17388
17390
17393
17396
17398
17399
17403
17406
17408
1742
17440
17441
17453
17475
17502
17505
17508
17509
17520
17527
17530
17536
17538
17542
17562
17568
17569
17571
17573
17577
17586
17596
17598
17609
17622
17642
17645
17648
17689
17694
17696
17698
17710
17715
17721
17722
17727
17740
17741
17743
17747
17749
17752
17758
17759
17760
17761
17762
17763
17764
17765
17768
17769
17775
17776
17777
17779
17786
17787
17788
17790
17793
17794
17796
17798
17818
17828
17840
17843
17844
17861
17870
17873
17874
17889
17891
17902
17910
17912
17942
17943
17945
17949
17972
17973
17979
17985
17994
17999
18003
18004
18019
18025
18031
18037
18038
18042
18046
18047
18052
18055
18060
18067
18068
18074
18078
18088
18090
18092
18099
18102
18103
18106
18115
18125
18127
18140
18142
18147
18151
18168
18170
18171
18174
18177
18181
18183
18186
18187
18189
18190
18191
18192
18193
18194
18196
18203
18207
18208
18213
18214
18215
18216
18218
18219
18220
18224
18225
18232
18239
18240
18241
18243
18247
18251
18263
18264
18274
18277
18282
18283
18288
18292
18295
18302
18305
18308
18311
18313
18322
18335
18338
18341
18343
18344
18355
18359
18360
18363
18371
18378
18379
18394
18396
18400
18404
18405
18415
18419
18422
18424
18426
18432
18438
18440
18442
18448
18455
18461
18465
18466
18470
18477
18481
18483
18489
18492
18495
18498
18500
18501
18503
18504
18509
18512
18523
18527
18532
18534
18538
18545
18552
18554
18556
18557
18560
18563
18567
18571
18574
18579
18583
18586
18587
18589
18590
18593
18602
18606
18610
18611
18630
18634
18646
18651
18654
18659
18664
18668
18670
18678
18683
18684
18690
18695
18705
18709
18720
18725
18730
18731
18751
18756
18766
18767
18768
18769
18779
18782
18788
18800
18802
18806
18813
18815
18816
18817
18827
18835
18839
18852
18856
18859
18870
18872
18880
18895
18909
18913
18920
18923
18924
18927
18930
18931
18932
18933
18938
18942
18949
18953
18963
18979
18981
18986
18987
18999
19011
19014
19019
19020
19023
19029
19035
19043
19045
19047
19048
19050
19051
19052
19058
19062
19070
19071
19077
19080
19085
19086
19093
19098
19100
19107
19109
19111
19112
19114
19116
19122
19128
19141
19155
19157
19158
19172
19175
19176
19185
19188
19189
19190
19194
19200
19206
19215
19216
19217
19218
19220
19235
19252
19255
19259
19270
19271
19296
19300
19303
19308
19322
19325
19329
19331
19342
19343
19354
19357
19373
19374
19375
19380
19385
19394
19397
19404
19416
19418
19420
19423
19432
19436
19437
19441
19447
19448
19453
19457
19466
19467
19469
19470
19472
19482
19483
19489
19491
19494
19497
19505
19506
19510
19513
19515
19518
19537
19540
19550
19559
19560
19561
19563
19564
19571
19577
19578
19579
19594
19595
19599
19607
19610
19612
19616
19618
19623
19637
19638
19649
19655
19659
19665
19666
19668
19674
19675
19685
19687
19693
19699
19700
19705
19718
19721
19725
19729
19731
19736
19738
19750
19758
19766
19770
19773
19783
19788
19790
19801
19803
19808
19810
19811
19816
19824
19825
19840
19845
19855
19856
19859
19864
19873
19876
19877
19880
19881
19884
19886
19890
19899
19902
19906
19907
19908
19911
19915
19916
19919
19923
19925
19926
19927
19929
19933
19936
19937
19944
19945
19947
19951
19961
19962
19969
19972
19973
19988
19994
19996
20001
20013
20029
20033
20034
20035
20036
20042
20051
20055
20063
20080
20082
20083
20094
20095
20096
20100
20104
20117
20120
20123
20125
20127
20144
20146
20151
20153
20156
20167
20169
20170
20172
20183
20185
20189
20190
20196
20197
20207
20213
20217
20219
20220
20229
20233
20234
20242
20244
20249
20251
20258
20260
20261
20265
20278
20287
20291
20297
20307
20311
20320
20329
20332
20334
20336
20337
20341
20347
20348
20349
20356
20360
20378
20388
20389
20393
20400
20402
20404
20406
20407
20409
20412
20420
20424
20425
20431
20432
20433
20434
20442
20445
20448
20451
20452
20455
20460
20462
20468
20472
20473
20475
20476
20477
20481
20484
20487
20489
20492
20496
20503
20507
20511
20514
20515
20517
20520
20521
20528
20531
20545
20550
20557
20562
20567
20568
20571
20573
20575
20582
20583
20589
20592
20601
20608
20611
20612
20617
20620
20628
20632
20634
20638
20639
20642
20644
20654
20659
20660
20661
20669
20670
20671
20673
20674
20680
20687
20696
20708
20712
20724
20730
20731
20735
20736
20738
20740
20741
20743
20746
20753
20764
20770
20775
20790
20793
20798
20799
20810
20814
20819
20838
20844
20846
20847
20852
20860
20864
20873
20880
20881
20882
20883
20884
20890
20892
20893
20895
20896
20898
20900
20909
20913
20915
20924
20925
20950
20951
20956
20958
20970
20977
20979
20981
20982
20995
21001
21005
21007
21018
21019
21021
21023
21024
21025
21029
21030
21031
21037
21042
21048
21056
21063
21068
21070
21077
21078
21079
21084
21089
21092
21117
21120
21123
21124
21129
21131
21144
21151
21160
21167
21189
21197
21200
21205
21210
21218
21219
21220
21223
21228
21229
21234
21237
21240
21243
21252
21256
21259
21262
21267
21268
21270
21271
21274
21275
21280
21281
21287
21299
21305
21306
21308
21319
21327
21328
21333
21336
21340
21344
21353
21364
21365
21370
21380
21382
21384
21385
21387
21397
21400
21408
21409
21411
21412
21413
21415
21417
21426
21427
21430
21431
21440
21441
21447
21451
21468
21469
21474
21484
21498
21504
21505
21509
21512
21515
21518
21527
21529
21530
21531
21539
21540
21542
21549
21550
21552
21555
21561
21563
21566
21570
21571
21574
21575
21588
21592
21597
21598
21599
21608
21617
21623
21628
21635
21645
21647
21651
21656
21664
21666
21669
21671
21673
21677
21680
21687
21688
21697
21700
21702
21709
21720
21721
21723
21730
21738
21742
21743
21748
21749
21750
21753
21754
21756
21765
21769
21770
21776
21779
21781
21784
21786
21790
21803
21805
21811
21813
21815
21821
21822
21826
21840
21845
21847
21848
21850
21858
21866
21873
21874
21875
21879
21889
21897
21909
21912
21918
21920
21921
21924
21933
21934
21940
21941
21949
21958
21959
21960
21963
21975
21976
21981
21982
21983
21987
21989
21998
22006
22016
22023
22038
22046
22049
22050
22051
22054
22055
22057
22060
22061
22062
22067
22069
22076
22079
22088
22090
22096
22105
22110
22126
22131
22134
22135
22150
22165
22171
22172
22174
22178
22179
22180
22183
22184
22186
22188
22191
22194
22196
22197
22201
22203
22208
22224
22227
22229
22231
22233
22234
22238
22240
22241
22249
22258
22270
22279
22280
22281
22284
22293
22296
22304
22305
22308
22309
22310
22316
22317
22327
22332
22334
22336
22338
22345
22351
22370
22376
22378
22386
22388
22391
22393
22403
22405
22416
22425
22433
22434
22436
22439
22442
22452
22456
22458
22460
22469
22474
22480
22486
22489
22496
22509
22512
22514
22515
22523
22526
22531
22532
22536
22539
22541
22549
22554
22560
22561
22562
22568
22578
22586
22589
22593
22597
22600
22603
22612
22614
22619
22622
22627
22637
22638
22643
22646
22647
22652
22653
22655
22659
22661
22663
22665
22668
22669
22677
22678
22681
22693
22695
22699
22700
22701
22702
22711
22712
22713
22725
22727
22731
22733
22741
22743
22747
22749
22754
22757
22764
22783
22793
22801
22802
22804
22805
22806
22815
22819
22820
22832
22834
22837
22839
22842
22848
22856
22858
22869
22871
22872
22873
22875
22878
22879
22891
22892
22906
22910
22911
22915
22918
22921
22930
22934
22936
22942
22945
22946
22947
22956
22960
22964
22967
22969
22974
22977
22984
22987
22988
22995
22999
23005
23018
23019
23020
23021
23027
23037
23045
23049
23051
23054
23057
23060
23071
23078
23083
23091
23093
23106
23107
23109
23112
23117
23120
23123
23129
23130
23132
23133
23148
23151
23157
23163
23164
23165
23176
23180
23183
23186
23189
23191
23192
23196
23216
23217
23219
23223
23226
23233
23234
2326
23261
23265
23266
23267
23278
23282
23289
23291
23292
23296
23297
23298
23303
23305
23311
23312
23313
23316
23317
23318
23327
23328
23339
23349
23352
23355
23358
23360
23379
23380
23387
23389
23397
23406
23410
23419
23420
23427
23431
23432
23433
23441
23451
23452
23456
23460
23462
23464
23471
23483
23485
23500
23503
23510
23513
23517
23520
23527
23528
23542
23547
23548
23559
23562
23575
23590
23592
23593
23599
23601
23605
23606
23621
23632
23634
23636
23637
23638
23641
23648
23656
23672
23677
23678
23679
23680
23688
23715
23733
23743
23746
23754
23762
23770
23779
23789
23794
23795
23801
23803
23804
23805
23807
23817
23825
23830
23832
23833
23844
23851
23854
23855
23863
23867
23870
23872
23877
23881
23885
23889
23891
23898
23912
23914
23915
23920
23929
23930
23950
23954
23961
23962
23967
23973
23977
23982
23986
23987
23989
23991
23995
23997
23998
24012
24013
24015
24016
24021
24025
24034
24037
24048
24049
24053
24054
24059
24073
24077
24078
24081
24092
24097
24099
24111
24114
24115
24132
24144
24146
24149
24154
24155
24158
24162
24163
24164
24168
24173
24174
24175
24178
24184
24186
24190
24198
24202
24205
24206
24207
24208
24210
24212
24213
24216
24222
24230
24234
24238
24241
24249
24251
24255
24258
24264
24265
24266
24271
24280
24286
24289
24291
24292
24294
24295
24300
24311
24322
24323
24333
24342
24346
24347
24350
24351
24355
24365
24373
24379
24381
24400
24401
24403
24405
24406
24412
24420
24423
24434
24437
24442
24444
24451
24461
24466
24469
24470
24483
24486
24487
24489
24495
24497
24501
24504
24505
24510
24512
24518
24525
24527
24534
24535
24541
24542
24546
24548
24561
24571
24573
24579
24586
24593
24609
24617
24618
24630
24632
24635
24636
24637
24639
24653
24654
24657
24658
24663
24667
24668
24670
24671
24677
24682
24684
24690
24692
24697
24698
24706
24713
24714
24720
24724
24727
24728
24731
24736
24745
24746
24753
24754
24757
24759
24772
24776
24780
24782
24793
24794
24795
24796
24808
24817
24821
24822
24828
24834
24835
24849
24851
24854
24875
24876
24877
24879
24885
24892
24894
24902
24906
24908
24922
24923
24926
24927
24934
24937
24941
24943
24947
24950
24952
24953
24959
24962
24966
24967
24970
24972
24973
24977
24979
24981
24984
24985
24989
24993
25001
25005
25006
25019
25021
25033
25037
25038
25042
25046
25052
25059
25063
25064
25066
25080
25081
25083
25100
25106
25107
25109
25114
25116
25123
25124
25125
25129
25132
25136
25138
25143
25145
25149
25157
25162
25172
25176
25178
25180
25187
25193
25195
25197
25198
25200
25201
25204
25205
25209
25211
25212
25216
25217
25223
25226
25227
25230
25232
25243
25250
25256
25257
25262
25264
25267
25268
25270
25277
25279
25280
25285
25288
25290
25292
25297
25298
25300
25302
25307
25309
25310
25318
25320
25321
25322
25358
25360
25364
25365
25367
25369
25370
25375
25376
25377
25379
25386
25387
25388
25389
25395
25396
25403
25407
25412
25422
25428
25435
25446
25455
25457
25459
25461
25462
25476
25478
25479
25480
25481
25488
25491
25492
25494
25495
25496
25499
25501
25503
25510
25512
25521
25524
25529
25531
25533
25535
25538
25542
25545
25549
25550
25553
25554
25558
25559
25560
25565
25566
25568
25571
25590
25592
25599
25600
25602
25612
25629
25632
25643
25647
25649
25650
25653
25660
25661
25669
25704
25705
25707
25724
25728
25732
25739
25740
25743
25745
25747
25751
25752
25753
25756
25759
25767
25769
25770
25776
25785
25793
25799
25803
25804
25806
25807
25811
25816
25824
25826
25835
25838
25840
25851
25852
25856
25859
25862
25866
25872
25874
25877
25881
25897
25902
25909
25910
25918
25921
25930
25936
25937
25938
25944
25948
25958
25961
25968
25969
25970
25974
25975
25979
25982
25983
25994
25998
26003
26005
26006
26014
26015
26018
26019
26023
26025
26033
26036
26038
26045
26047
26057
26066
26068
26077
26102
26112
26113
26119
26127
26137
26143
26149
26161
26163
26165
26169
26170
26171
26185
26196
26206
26210
26214
26216
26221
26222
26225
26226
26229
26232
26239
26242
26243
26245
26247
26250
26262
26266
26268
26284
26291
26302
26305
26310
26330
26344
26349
26359
26361
26365
26370
26372
26383
26387
26388
26391
26392
26397
26400
26409
26411
26422
26427
26430
26437
26444
26446
26448
26458
26462
26470
26473
26481
26490
26498
26501
26510
26514
26516
26517
26528
26529
26532
26536
26542
26543
26550
26554
26561
26564
26568
26584
26593
26595
26598
26602
26603
26614
26617
26620
26627
26635
26640
26646
26654
26657
26667
26668
26683
26690
26692
26694
26698
2670
26704
26705
26706
26708
26713
26714
26718
26720
26725
26726
26731
26734
26735
26740
26752
26753
26754
26768
26774
26776
26781
26785
26792
26793
26794
26795
26803
26805
26806
26811
26813
26814
26820
26828
26831
26832
26837
26838
26844
26849
26856
26857
26860
26871
26874
26875
26880
26881
26884
26887
26896
26900
26902
26905
26909
26920
26924
26927
26929
26933
26936
26937
26949
26953
26954
26958
26971
26972
26982
26983
26984
26985
26994
26995
26999
27009
27010
27012
27016
27017
27022
27026
27035
27039
27050
27069
27072
27075
27083
27085
27091
27093
27095
27102
27104
27107
27108
27110
27117
27118
27120
27125
27129
27133
27143
27155
27159
27163
27166
27169
27171
27172
27188
27190
27193
27195
27196
27201
27202
27204
27206
27207
27218
27222
27227
27232
27237
27238
27249
27253
27262
27263
27269
27276
27279
27280
27286
27294
27313
27317
27318
27324
27333
27335
27342
27344
27365
27380
27388
27392
27398
27400
27402
27404
27415
27418
27420
27421
27434
27439
27442
27444
27445
27455
27460
27468
27476
27480
27482
27483
27489
27493
27504
27508
27516
27518
27519
27524
27526
27530
27531
27540
27542
27543
27545
27547
27548
27558
27559
27564
27565
27569
27571
27574
27578
2758
27585
27591
27608
27609
27611
27613
27614
27615
27616
27626
27629
27630
27631
27632
27634
27635
27640
27652
27656
27658
27659
27660
27671
27688
27692
27703
27705
27706
27707
27709
27712
27713
27714
27715
27719
27720
27721
27722
27723
27725
27726
27737
27752
27756
27761
27768
27778
27793
27800
27808
27826
27839
27842
27850
27853
27855
27856
27859
27866
27868
27879
27880
27883
27887
27896
27899
27900
27905
27914
27915
27918
27920
27927
27930
27931
27934
27936
27939
27942
27945
27952
27957
27959
27962
27963
27964
27965
27968
27972
27980
27993
27996
27997
27999
28010
28016
28028
28036
28037
28040
28041
28045
28051
28052
28076
28078
28080
28082
28092
28098
28103
28105
28106
28110
28113
28115
28129
2813
28132
28142
28156
28163
28166
28173
28176
28188
28192
28197
28202
28203
28217
28219
28224
28228
28239
28246
28247
28256
28259
28261
28263
28270
28274
28278
28279
28280
28282
28283
28284
28285
28286
28290
28296
28298
28302
28304
28305
28307
28311
28328
28336
28338
28342
28348
28350
28353
28358
28360
28373
28375
28381
28382
28383
28386
28391
28392
28395
28401
28406
28410
28417
28419
28421
28429
28433
28444
28445
28447
28448
28457
28459
28463
28467
28469
28482
28483
28485
28486
28490
28491
28496
28498
28506
28510
28514
28515
28516
28521
28530
28534
28535
28537
28542
28552
28554
28556
28557
28558
28559
28571
28572
28576
28584
28585
28587
28588
28589
28598
28602
28603
28604
28606
28607
28608
28610
28613
28615
28616
28617
28618
28627
28631
28640
28641
28644
28645
28646
28656
28659
28663
28666
28676
28677
28686
28691
28710
28711
28712
28715
28718
28726
28728
28730
28733
28736
28737
28752
28753
28767
28768
28772
28774
28781
28783
28790
28798
28802
28805
28808
28812
28817
28821
28834
28840
28841
28854
28869
28870
28871
28876
28881
28882
28886
28891
28896
28900
28901
28902
28904
28905
28907
28915
28916
28917
28918
28926
28929
28930
28931
28937
28939
28941
28943
28945
28951
28952
28959
28962
28963
28968
28970
28971
28973
28977
28983
28989
28991
28997
28998
29005
29006
29013
29017
29026
29027
29028
29031
29036
29039
29040
29045
29059
29063
29067
29069
29070
29082
29083
29086
29087
29088
29093
29095
29098
29109
29112
29116
29121
29126
29138
29143
29144
29146
29147
29154
29167
29172
29173
29188
29194
29203
29206
29213
29218
29232
29238
29241
29253
29255
29256
29260
29261
29263
29265
29267
29273
29278
29279
29281
29283
29289
29294
29295
29304
29307
29310
29311
29314
29316
29318
29325
29329
29332
29333
29334
29336
29338
29340
29347
29351
29353
29357
29359
29360
29365
29369
29375
29395
29397
29400
29405
29406
29409
29413
29414
29418
29424
29430
29432
29433
29439
29447
29450
29452
29458
29460
29461
29469
29481
29483
29486
29487
29489
29495
29497
29501
29511
29513
29515
29516
29520
29526
29528
29537
29538
29540
29541
29548
29549
29555
29559
29566
29567
29574
2958
29585
29590
29591
29597
29600
29604
29609
29619
29621
29625
29627
29633
29634
29638
29641
29643
29647
29656
29670
29675
29679
29682
29683
29684
3009
30110
30113
30114
30119
30121
30128
30132
30138
30140
30142
30143
30145
30146
30151
30155
30157
30158
30159
30161
30166
30175
30177
30179
30180
30181
30182
30183
30184
30185
30186
30187
30190
30191
30193
30203
30205
30207
30208
30209
30216
30217
30219
30220
30229
30238
30246
30248
30249
30253
30265
30270
30271
30272
30278
30294
30304
30310
30311
30313
30315
30316
30317
30318
30319
30325
30332
30333
30338
30348
30349
30362
30366
30372
30383
30384
30390
30392
30394
30403
30409
30419
30420
30423
30436
30437
30438
30439
30460
30483
30484
30487
30491
30499
30509
30510
30512
30514
30520
30527
30528
30533
30535
30537
30540
30543
30553
30558
30561
30573
30578
30580
30583
30584
30590
30591
30599
30601
30607
30610
30613
30623
30629
30630
30631
30632
30637
30639
30640
30643
30644
30646
30650
30652
30655
30656
30664
30666
30668
30671
30672
30674
30676
30679
30681
30684
30688
30689
30690
30693
30694
30697
30698
30700
30706
30709
30712
30717
30721
30722
30725
30727
30728
30730
30737
30738
30747
30748
30750
30755
30757
30760
30763
30765
30766
30779
30780
30783
30786
30792
30795
30796
30797
30803
30808
30809
30810
30814
30822
30823
30825
30828
30830
30832
30838
30842
30848
30850
30852
30863
30867
30877
30880
30885
30886
30888
30890
30894
30905
30909
30913
30917
30923
30924
30929
30934
30937
30938
30949
30950
30954
30961
30963
30969
30971
30972
30973
30976
30978
30980
30989
30990
30998
31001
31007
31010
31012
31014
31026
31029
31036
31041
31050
31057
31060
31063
31066
31072
31074
31076
31079
31080
31081
31082
31087
31088
31101
31105
31107
31109
31113
31114
31117
31119
31121
31126
31127
31128
31132
31133
31135
31137
31142
31146
31153
31162
31163
31167
31169
31170
31171
31175
31177
31178
31179
31180
31182
31198
31199
3120
31201
31203
31206
31208
31211
31212
31213
31214
31217
31218
31228
31229
31233
31235
31239
31247
31250
31254
31256
31261
31265
31268
31269
31275
31279
31280
31284
31285
31286
31289
31301
31303
31306
31308
31309
31312
31313
31315
31328
31331
31334
31336
31337
31341
31345
31348
31350
31352
31357
31365
31371
31375
31376
31381
31386
31398
31400
31403
31415
31416
31421
31423
31430
31440
31443
31449
31451
31477
31491
31494
31501
31506
31507
31508
31510
31512
31518
31524
31528
31533
31539
31548
31551
31552
31556
31562
31568
31574
31575
31582
31583
31585
31587
31591
31594
31596
31600
31607
31616
31617
31619
31623
31627
31628
31630
31642
31645
31653
31654
31656
31657
31659
31660
31667
31674
31675
31678
31680
31681
31684
31690
31691
3170
31703
31710
31712
31721
31723
31731
31733
31740
31746
31747
31749
31752
31753
31754
31758
31762
31765
31766
31767
31777
31790
31792
31795
31800
31804
31807
31811
31817
31820
31822
31826
31831
31833
31836
31838
31849
31855
31858
31859
31862
31871
31872
31873
31878
31888
31889
31899
31904
31913
31925
31926
31930
31935
31937
31938
31939
31941
31944
31947
31951
31955
31957
31960
31961
31974
3198
31991
31994
32003
32005
32008
32009
32010
32014
32015
32020
32024
32025
32040
32045
32049
32058
32060
32066
3207
32072
32075
32077
32087
32090
32099
32106
32113
32135
3225
3230
3243
3272
3299
3341
3412
3436
3549
3702
3735
3744
3767
3770
3837
3845
3863
3879
3895
3897
3902
3935
3940
3947
3963
3974
4122
4126
4129
4165
4193
4197
4212
4234
4238
4256
4336
4347
4369
4379
4398
4399
4419
4425
4444
4494
4495
4496
4586
4602
4714
4721
4734
4747
4776
4777
4781
4792
4809
4812
4816
4818
4822
4861
4866
4886
4889
4898
4906
4942
4943
4965
4993
5043
5055
5068
5072
5090
5097
5108
5113
5125
5143
5176
5203
5205
5211
5215
5247
5257
5273
5297
5331
5332
5360
5374
5411
5441
5446
5449
5479
5490
5509
5553
5587
5596
5598
5619
5647
5652
5677
5710
5746
5749
5767
5775
5780
5791
5793
5800
5801
5808
5810
5818
5841
5850
5890
5902
5913
5943
5981
6043
6047
6067
6070
6073
6078
6082
6086
6091
6104
6124
6138
6139
6145
6162
6177
6190
6193
6195
6209
6216
6217
6221
6223
6236
6257
6262
6293
6303
6324
6326
6350
6413
6429
6486
6504
6509
6531
6562
6567
6570
6571
6573
6576
6596
6609
6625
6645
6646
6663
6680
6692
6723
6743
6768
6792
6800
6814
6836
6844
6855
6870
6873
6883
6884
6895
6905
6906
6920
6923
6938
6941
6953
6956
6971
6976
6990
6996
6998
7000
7015
7017
7055
7057
7062
7063
7068
7076
7078
7091
7109
7110
7135
7141
7158
7159
7175
7177
7188
7207
7218
7222
7250
7252
7282
7302
7313
7338
7351
7396
7405
7413
7436
7454
7456
7496
7509
7533
7578
7608
7610
7624
7636
7642
7665
7693
7695
7698
7704
7721
7736
7738
7744
7750
7780
7786
7792
7815
7821
7830
7852
7853
7857
7862
7873
7888
7891
7892
7897
7910
7925
7929
7933
7940
79574
79575
79576
79577
79578
79579
79580
79581
79582
79583
79584
79586
79587
79588
79589
79590
79591
79592
79593
79595
79596
79598
79599
79600
79601
79602
79603
79604
79607
79608
79609
79612
79613
79614
79615
79616
79617
79618
79619
79622
79623
79624
79625
79626
79627
79628
79629
79630
79631
79633
79634
79637
79638
79639
79640
79641
79642
79643
79644
79645
79647
79648
79649
7965
79651
79652
79653
79654
79655
79656
79657
79659
79660
79661
79662
79663
79664
79665
79667
79668
79669
79670
79671
79672
79673
79676
79677
79682
79683
79686
79687
7969
79690
79691
79692
79693
79694
79695
79696
79697
79698
79699
79700
79701
79702
79703
79705
79706
79709
79710
79712
79713
79714
79715
79716
79717
79721
79722
79723
79724
79725
79726
79727
79728
79729
79730
79731
79732
79733
79734
79735
79736
79737
79738
79739
79740
79741
79742
79743
79744
79745
79746
79747
79749
79750
79751
79752
79753
79754
79755
79756
79757
79758
79759
79760
79761
79763
79764
79765
79766
79767
79768
79769
79770
79771
79772
79773
79774
79775
79776
79777
79778
79780
79784
79785
79787
79789
79790
79791
79793
79794
79795
79796
79797
79798
79799
79801
79802
79804
79805
79807
79809
7981
79812
79814
79815
79816
79817
79818
79819
79820
79821
79822
79823
79824
79825
79826
79827
79828
79829
79830
79831
79832
79833
79834
79835
79836
79837
79838
79839
79840
79841
79842
79843
79844
79845
79846
79847
79848
79849
79850
79851
79852
79853
79854
79855
79856
79857
79858
79859
79860
79861
79862
79863
79864
79865
79869
79870
79871
79872
79873
79874
79875
79876
79877
79878
79879
79880
79882
79883
79884
79885
79887
79888
79889
79890
79891
79892
79893
79897
79899
79900
79901
79902
79903
79905
79907
79908
79909
79911
79912
79913
79914
79915
79916
79917
79918
79919
79920
79922
79924
79925
79927
79928
79933
79934
79935
79938
79940
79941
79942
79943
79944
79945
79946
79947
79949
79951
79952
79954
79955
79956
79957
79958
79959
79960
79961
79962
79963
79964
79965
79966
79967
79968
79969
79970
79972
79973
79974
79975
79976
79977
79978
79979
79980
79981
79983
79984
79985
79987
79988
79989
79991
79992
79993
79995
79996
79997
79998
79999
80000
80002
80003
80004
80005
80006
80007
80008
80009
80010
80011
80012
80013
80014
80016
80018
80019
80020
80022
80023
80024
80025
80026
80027
80028
80029
80030
80031
80032
80033
80034
80035
80036
80037
80040
80041
80042
80043
80044
80045
80046
80047
80048
80049
80051
80052
80053
80054
80056
80058
80060
80061
80062
80063
80064
80065
80067
80068
80069
80074
80075
80076
80077
80078
80079
80080
80081
80082
80083
80084
80085
80086
80087
80090
80091
80092
80093
80094
80095
80096
80097
80098
80100
80101
80102
80104
80105
80106
80107
80108
80109
80110
80111
80112
80113
80114
80115
80116
80119
80120
80121
80122
80123
80124
80126
80127
80128
80131
80133
80134
80136
80137
80138
80139
80140
80141
80143
80144
80145
80148
80149
80150
80151
80154
80155
80156
80157
80158
80159
80160
80162
80163
80165
80166
80167
80171
80172
80173
80174
80175
80178
80179
80181
80184
80185
80188
80190
80192
80193
80194
80195
80196
80198
80199
8020
80201
80203
80204
80205
80207
80208
80209
80210
80211
80212
80213
80214
80215
80216
80217
80218
80219
80220
80221
80222
80223
80224
80225
80226
80227
80228
80229
80230
80231
80233
80234
80235
80237
80238
80240
80241
80242
80244
80245
80246
80247
80248
80249
80250
80251
80252
80253
80255
80257
80259
80260
80261
80262
80263
80266
80267
80268
80269
80270
80271
80272
80273
80274
80275
80276
80278
80279
80280
80282
80283
80284
80285
80286
80287
80288
80289
80290
80291
80292
80293
80294
80295
80296
80297
80298
80299
80300
80301
80302
80303
80304
80306
80307
80308
80310
80312
80313
80314
80315
80316
80317
80318
80319
80324
80328
80330
80333
80334
80336
80337
80338
80339
80341
80342
80343
80345
80346
80347
80348
80349
80350
80351
80352
80353
80354
80355
80356
80357
80358
80359
80360
80361
80362
80365
80366
80367
80368
80369
8037
80370
80371
80372
80373
80374
80375
80376
80377
80378
80379
80380
80381
80384
80385
80386
80387
80388
80389
80391
80392
80393
80394
80395
80396
80397
80399
80401
80402
80403
80404
80406
80408
80410
80411
80412
80414
80416
80417
80418
80420
80421
80422
80423
80424
80425
80426
80427
80429
80430
80431
80432
80433
80434
80435
80436
80437
80439
80441
80442
80444
80445
80446
80447
80448
80449
80450
80451
80452
80453
80454
80455
80456
80457
80458
80459
80460
80461
80462
80463
80464
80467
80468
80469
8047
80470
80471
80472
80474
80475
80476
80478
80485
80486
80487
80488
80489
80493
80494
80497
80498
80499
80500
80501
80502
80503
80505
80506
80507
80508
80509
80510
80511
80513
80514
80515
80516
80517
80518
80519
8052
80522
80524
80526
80527
80528
80529
80530
80531
80532
80533
80534
80535
80536
80537
80538
80539
80540
80541
80542
80543
80544
80545
80546
80549
80550
80552
80553
80554
80555
80558
80559
80560
80562
80563
80564
80565
80566
80567
80568
80569
80570
80571
80572
80573
80574
80575
80576
80577
80578
80579
80580
80581
80582
80583
80585
80586
80587
80588
80589
80590
80591
80592
80593
80594
80595
80596
80597
80599
80601
80602
80603
80604
80605
80606
80607
80608
80609
80610
80611
80612
80613
80614
80615
80616
80617
80618
8062
80620
80623
80624
80625
80626
80627
80628
80629
80630
80631
80632
80633
80634
80635
80637
80638
80639
80640
80641
80642
80643
80644
80646
80647
80648
80649
80650
80651
80655
80656
80657
80659
80660
80661
80662
80663
80664
80665
80666
80667
80668
80669
80670
80671
80672
80674
80675
80676
80677
80678
80679
80680
80681
80682
80684
80685
80691
80692
80695
80696
80697
80698
80699
80700
80701
80702
80704
80705
80706
80707
80708
80709
80710
80711
80712
80713
80714
80715
80716
80717
80718
80719
80720
80721
80723
80724
80725
80726
80727
80728
80729
80730
80731
80732
80733
80734
80735
80736
80737
80738
80739
80740
80741
80742
80743
80744
80745
80746
80747
80749
80750
80751
80754
80755
80756
80757
80758
80759
8076
80760
80761
80762
80764
80765
80766
80767
80768
80769
80770
80771
80772
80773
80774
80775
80776
80777
80778
80779
80780
80781
80783
80784
80785
80786
80788
8086
8091
8111
8118
8135
8148
81673
81674
81675
81676
81677
81678
81679
81680
81681
81682
81683
81684
81685
81686
81687
81688
81689
81690
81691
81692
81693
81694
81695
81697
81698
81699
81703
81704
81705
81706
81707
81709
81710
81711
81713
81714
81716
81717
81719
81720
81721
81723
81724
81727
81728
81729
81730
81731
81732
81733
81734
81735
81737
81738
81740
81742
81743
81744
81745
81746
81747
81748
81753
81754
81756
81759
81760
81761
81765
81766
81767
81768
81769
81771
81772
81773
81774
81775
81777
81778
81779
81780
81781
81782
81783
81784
81785
81787
8179
81790
81791
81792
81793
81794
81795
81798
81799
81800
81801
81802
81805
81806
81808
81809
81811
81812
81813
81815
81816
81818
81819
81821
81822
81823
81824
81825
81826
81827
81828
81829
81831
81832
81833
81834
81835
81836
81837
81838
81840
81841
81842
81843
81844
81847
81848
81850
81851
81852
81853
81855
81856
81857
81858
81859
81860
81861
81864
81866
81868
81869
81870
81871
81872
81873
81874
81875
81876
81877
81878
81879
81881
81882
81883
81884
81885
81886
81887
81888
81889
81890
81892
81893
81894
81895
81896
81897
81898
81899
81900
81902
81903
81904
81905
81906
81908
81909
81910
81912
81914
81918
81922
81923
81924
81928
81929
81930
81931
81934
81935
81936
81938
81940
81942
81944
81945
81946
81947
81948
81950
81951
81952
81953
81954
81955
81956
81957
81958
81959
81961
81962
81963
81964
81965
81967
81968
8197
81970
81971
81972
81973
81974
81975
81976
81977
81979
81982
81985
81986
81987
81988
81989
81990
81992
81994
81996
81998
82000
82001
82002
82003
82004
82005
82006
82007
82008
82009
8201
82010
82011
82013
82015
82016
82017
82020
82021
82022
82023
82024
82025
82026
82027
82028
82029
82030
82031
82032
82033
82034
82037
82038
82039
82040
82041
82042
82043
82045
82046
82047
82048
82049
82050
82051
82052
82053
82054
82055
82056
82057
82058
8206
82060
82061
82062
82066
82067
82068
82069
8207
82071
82074
82075
82079
8208
82082
82085
82087
82088
82089
82091
82092
82093
82094
82095
82096
82097
82098
82099
8210
82100
82103
82105
82106
82108
82110
82111
82113
82114
82115
82116
82117
82118
82119
82120
82121
82123
82125
82127
82128
82129
82130
82131
82132
82133
82134
82135
82136
82137
82138
82139
82140
82141
82142
82143
82144
82145
82146
82147
82148
82149
82150
82152
82154
82155
82157
82158
82159
82160
82161
82162
82165
82166
82167
82168
82174
82175
82176
82178
82179
82180
82181
82182
82186
82187
82188
82189
82190
82191
82192
82193
82194
82195
82197
82198
82199
8220
82200
82201
82202
82203
82204
82205
82206
82207
82208
82209
82210
82211
82213
82214
82215
82217
82218
82219
82220
82221
82222
82223
82225
82226
82227
82228
82230
82231
82232
82233
82234
82235
82236
82237
82238
82240
82241
82242
82243
82244
82246
82247
82248
82249
82251
82252
82254
82256
82258
82259
82260
82261
82262
82265
82266
82267
82268
82270
82271
82272
82274
82275
82276
82277
82278
82280
82282
82283
82284
82285
82288
82292
82293
82294
82295
82296
82297
82298
82299
82300
82301
82302
82303
8233
8250
8272
8275
8286
8288
8291
8297
8304
8327
8341
8358
8363
8373
8376
8379
8383
8385
8387
8407
8408
8412
8439
8452
8454
8475
8496
8519
8545
8551
8555
8569
8577
8579
8584
8599
8610
8634
8648
8685
8711
8715
8729
8742
8750
8756
8774
8775
8801
8802
8803
8813
8815
8821
8832
8839
8850
8852
8856
8885
8901
8917
8918
8930
8966
8967
8993
9011
9026
9104
9132
9149
9159
9161
9162
9165
9178
9184
9185
9205
9207
9229
9242
9251
9262
9273
9283
9291
9330
9334
9340
9370
9428
9474
9485
9487
9497
9508
9537
9550
9557
9565
9570
9590
9607
9616
9621
9625
9628
9630
9632
9639
9648
9675
9718
9735
9757
9761
9770
9781
9784
9789
9797
9799
9801
9813
9836
9864
9888
9893
9899
9912
9923
9938
9947
9949
9963
9980
9993
